version https://git-lfs.github.com/spec/v1
oid sha256:6daae9383ab8121efb02f298497e6a38fdcff58044fa8c3d45f7fc36d5c72750
size 12081
